0 0 0 5 5 5
0 0 40 5 5 5
0 0 45 5 5 5
0 0 70 5 5 5
0 0 75 5 5 5
10 0 15 5 5 5
15 0 0 5 5 5
15 0 5 5 5 5
15 0 10 5 5 5
15 0 15 5 5 5
15 0 30 5 5 5
15 0 35 5 5 5
15 0 40 5 5 5
15 0 45 5 5 5
15 0 50 5 5 5
15 0 55 5 5 5
15 0 60 5 5 5
15 0 65 5 5 5
15 0 70 5 5 5
15 0 75 5 5 5
15 0 80 5 5 5
15 0 85 5 5 5
20 0 85 5 5 5
20 0 30 5 5 5
20 0 70 5 5 5
25 0 30 5 5 5
25 0 70 5 5 5
30 0 0 5 5 5
30 0 5 5 5 5
30 0 10 5 5 5
30 0 15 5 5 5
30 0 20 5 5 5
30 0 30 5 5 5
30 0 45 5 5 5
30 0 50 5 5 5
30 0 55 5 5 5
30 0 60 5 5 5
30 0 65 5 5 5
30 0 70 5 5 5
35 0 45 5 5 5
35 0 70 5 5 5
40 0 45 5 5 5
40 0 70 5 5 5
40 0 85 5 5 5
40 0 90 5 5 5
40 0 95 5 5 5
45 0 10 5 5 5
45 0 15 5 5 5
45 0 30 5 5 5
45 0 35 5 5 5
45 0 40 5 5 5
45 0 45 5 5 5
45 0 70 5 5 5
45 0 85 5 5 5
50 0 60 5 5 5
50 0 65 5 5 5
50 0 70 5 5 5
50 0 85 5 5 5
55 0 70 5 5 5
55 0 75 5 5 5
55 0 80 5 5 5
55 0 85 5 5 5
60 0 10 5 5 5
60 0 30 5 5 5
60 0 35 5 5 5
60 0 40 5 5 5
60 0 45 5 5 5
60 0 70 5 5 5
65 0 10 5 5 5
65 0 45 5 5 5
65 0 70 5 5 5
70 0 0 5 5 5
70 0 5 5 5 5
70 0 10 5 5 5
70 0 45 5 5 5
70 0 70 5 5 5
70 0 90 5 5 5
70 0 95 5 5 5
75 0 15 5 5 5
75 0 25 5 5 5
75 0 30 5 5 5
75 0 35 5 5 5
75 0 40 5 5 5
75 0 45 5 5 5
75 0 50 5 5 5
75 0 55 5 5 5
75 0 60 5 5 5
75 0 65 5 5 5
75 0 70 5 5 5
80 0 15 5 5 5
80 0 55 5 5 5
85 0 55 5 5 5
85 0 90 5 5 5
90 0 75 5 5 5
95 0 20 5 5 5
95 0 25 5 5 5
95 0 30 5 5 5
95 0 75 5 5 5