-40.5 -2 -13.6 10 40 0
9.5 -2 -13.6 10 40 0
-30.5 -2 -33.6 10 30 0
9.5 -2 -33.6 10 20 0
39.5 -2 -33.6 10 10 0
-30.5 -2 -43.6 10 10 0
-10.5 -2 -43.6 10 30 0
-40.5 -2 -53.6 10 10 0
-0.5 -2 -53.6 10 10 0
19.5 -2 -53.6 10 10 0
39.5 -2 -53.6 10 10 0
-20.5 -2 -63.6 10 10 0
9.5 -2 -63.6 10 10 0
29.5 -2 -63.6 10 10 0
-10.5 -2 -73.6 10 10 0
19.5 -2 -73.6 10 10 0
-40.5 -2 -83.6 10 10 0
-0.5 -2 -83.6 10 10 0
29.5 -2 -83.6 10 10 0
-30.5 -2 -93.6 10 10 0
-10.5 -2 -93.6 10 40 0
12.9 -2 -93.6 10 10 0
29.5 -2 -103.6 10 10 0
-40.5 -2 -113.6 10 40 0
9.5 -2 -113.6 10 40 0
-40.5 -2 -113.6 10 0 101
-30.5 -2 -103.6 10 0 10
-30.5 -2 -73.6 10 0 20
-20.5 -2 -113.6 10 0 70
-10.5 -2 -103.6 10 0 30
-10.5 -2 -63.6 10 0 30
-0.5 -2 -113.6 10 0 10
-0.5 -2 -73.6 10 0 20
-0.5 -2 -23.6 10 0 10
9.5 -2 -113.6 10 0 20
9.5 -2 -83.6 10 0 30
9.5 -2 -43.6 10 0 10
9.5 -2 -23.6 10 0 10
19.5 -2 -113.6 10 0 10
19.5 -2 -93.6 10 0 20
29.5 -2 -103.6 10 0 10
29.5 -2 -63.6 10 0 20
39.5 -2 -93.6 10 0 30
39.5 -2 -53.6 10 0 10
49.5 -2 -113.6 10 0 101